45.8486
41.3427
38.9289
36.431
33.853
31.1995
28.4762
25.6899
19.9558
16.5032
13.3883
10.5739
8.02604
5.71474
3.61324
7.51328
7.91564
8.25345
8.54621
8.80375
9.03234
9.23662
9.42023
5.85068
4.10373
2.32076
0.502383
-1.34935
-3.23165
-5.14121
-7.07433
-3.67344
-3.16134
-2.71961
-2.3332
-1.99133
-1.68614
-1.41172
-1.16349
0.621185
1.51021
2.34696
3.13799
3.88752
4.59882
5.27471
5.91766
4.79371
4.60703
4.42979
4.25951
4.09515
3.93617
3.78222
3.07213
2.65327
2.24038
1.83287
1.43047
1.03305
0.640532
0.252845
3.00714
4.16545
5.32064
6.47511
7.62934
8.78302
9.93553
11.0861
11.7461
12.593
13.4105
14.1996
14.9615
15.6974
16.4087
17.0966
14.7115
13.8983
13.091
12.2878
11.4881
10.6919
9.89921
9.11034
9.32323
9.03902
8.76025
8.48757
8.22107
7.96067
7.70621
7.77796
7.67964
7.58016
7.47973
7.37846
7.27637
7.17347
7.06975
7.02018
6.94182
6.86251
6.78223
6.70098
6.61872
7.41843
7.77435
8.13277
8.495
8.86157
9.23273
9.6086
9.98927
9.46777
9.40661
9.34757
9.28942
9.23168
9.17414
9.11674
9.05944
9.77828
10.0958
10.4108
10.7245
11.0374
11.3496
11.6612
11.9722
11.5773
11.5472
11.5191
11.4918
11.4648
11.4378
11.4109
11.384
11.4998
11.5412
11.5821
11.6229
11.6637
11.7046
11.7456
14.9155
16.4663
18.0004
19.5205
21.0269
22.5185
23.9941
25.4522
24.4386
24.7316
25.0338
25.3389
25.6448
25.9505
26.2557
24.6416
24.0522
23.4794
22.9185
22.3679
21.8268
21.2948
20.7717
21.2979
21.2759
21.2514
21.2263
21.2012
21.1766
21.1524
21.1286
21.5711
21.7636
21.9516
22.136
22.3171
22.4952
22.6704
22.8429
22.7385
22.775
22.8111
22.8466
22.8814
22.9157
22.9493
22.3046
21.9913
21.6727
21.3484
21.0181
20.6817
20.3389
19.9896
21.1751
21.5838
21.9897
22.3939
22.7966
23.1979
23.5978
23.9965
23.5204
23.4844
23.4486
23.4127
23.3768
23.3407
23.3045
23.2681
24.3377
24.8421
25.3417
25.8368
26.3276
26.8141
27.2965
27.7746
27.1959
27.1551
27.1163
27.0792
27.0434
27.0089
26.9756
27.6995
28.0326
28.3605
28.6836
29.002
29.3157
29.6249
29.9296
29.8162
29.9107
30.0036
30.095
30.1849
30.2732
30.36
30.4453
30.6484
30.7903
30.9305
31.0689
31.2057
31.3407
31.4741
31.6059
30.6082
30.1868
29.7707
29.3598
28.9542
28.5537
28.1581
27.7676
27.8646
27.716
27.5678
27.42
27.2726
27.1256
26.9789
26.0036
25.4804
24.9742
24.4842
24.0095
23.5496
23.1038
22.6715
23.299
23.3903
23.482
23.5741
23.6667
23.7596
23.8529
23.9467
24.0409
24.7564
25.1637
25.5723
25.982
26.393
26.8051
27.2183
27.6326
26.9591
26.8328
26.7083
26.5858
26.465
26.346
26.2287
26.113
25.4093
25.005
24.6036
24.2051
23.8095
23.4168
23.027
23.405
23.3985
23.3923
23.3865
23.3811
23.376
23.3712
23.3667
23.3791
23.383
23.387
23.3909
23.3949
23.3988
23.4028
23.4068
22.9464
22.7227
22.5013
22.2821
22.0651
21.8502
21.6375
21.4268
21.2182
21.2342
21.1365
21.0388
20.9409
20.8428
20.7447
20.6463
20.5479
20.0211
19.7112
19.4025
19.0951
18.7889
18.4839
18.1802
17.8777
18.307
18.3668
18.4254
18.4828
18.5392
18.5946
18.649
19.1766
19.4621
19.7449
20.0251
20.3028
20.5778
20.8504
21.1204
20.4105
20.1962
19.9834
19.772
19.5618
19.3529
19.1453
18.9389
19.0726
19.0357
18.9987
18.9619
18.925
18.8882
18.8515
18.8148
18.4163
18.1964
17.9753
17.753
17.5293
17.3044
17.0783
16.8508
16.9247
16.8494
16.7745
16.7002
16.6263
16.553
16.4801
16.4077
16.5368
16.5649
16.5931
16.6212
16.6494
16.6776
16.7058
16.734
16.4757
16.3636
16.2529
16.1435
16.0354
15.9287
15.8231
15.7188
15.6157
15.6352
15.5934
15.5519
15.5107
15.4699
15.4294
15.3892
14.9462
14.7075
14.4704
14.2347
14.0004
13.7676
14.1684
14.2486
14.3277
14.4057
14.4826
14.5586
14.0198
13.7898
13.5601
13.3304
13.1009
12.8715
13.639
13.9081
14.1778
14.4482
14.7193
14.9912
15.0009
15.1391
15.2761
15.4118
15.5462
15.6794
15.1985
15.0292
14.8615
14.6953
14.5305
14.367
14.7142
14.8029
14.8906
14.9774
15.0633
15.1484
15.2839
15.3912
15.497
15.6012
15.704
15.8052
15.905
15.7859
15.7773
15.7688
15.7604
15.752
15.7436
15.7352
15.7269
15.6
15.5328
15.4658
15.3989
15.3322
15.2655
15.199
15.1327
15.2256
15.2383
15.2507
15.263
15.2751
15.2871
15.2989
15.3106
15.3913
15.4368
15.482
15.5269
15.5715
