3.17918
3.36455
-10.5156
-11.8954
-11.38
-9.22548
0.818175
-24.058
-14.8715
-8.61705
-10.7833
-4.24789
-9.83894
-5.68289
-3.86424
-13.3387
-6.63674
-7.8618
-6.00926
-8.87704
-7.83381
-12.9457
-3.77423
-7.05818
-12.4792
-7.64381
-17.3104
-15.9364
-13.4148
-10.7924
-5.48147
-12.8247
-7.93634
-8.0938
-3.70247
-9.39717
-5.2843
-6.96309
-5.95749
-11.3683
-9.56759
-9.39615
-10.5049
-17.2953
-15.599
-13.1722
-13.6503
-13.78
-15.6689
-11.5961
-14.2936
-13.502
-14.7528
-13.9096
-15.7911
-13.5285
-19.6466
-9.8217
-13.8308
-16.7602
-13.0553
-10.6115
-12.4197
-14.5893
-14.4239
-14.0314
-13.1384
-16.1311
-11.1659
-15.3363
-14.2305
-12.7115
-13.4643
-13.3883
-14.4062
-12.9407
-12.4426
-12.7119
-11.2958
-8.88255
-11.1369
-14.1507
-12.0239
-12.071
-11.5086
-15.7952
-11.2353
-14.4887
-12.8073
-13.3489
-10.7007
-12.262
-11.9961
-9.99881
-11.1558
-8.29459
-8.28964
-8.77936
-6.12057
-8.31369
-8.0222
-9.4742
-7.85838
-5.03096
-5.88024
-5.56194
-4.87925
-6.81545
-8.59059
-8.08218
-7.47938
-7.24198
-7.27219
-6.14932
-6.89594
-6.47638
-9.55607
-6.27114
-9.63739
-8.74255
-7.90055
-7.67711
-7.44637
-8.23456
-7.0905
-9.58857
-8.33875
-6.47819
-6.8405
-7.38712
-7.97053
-6.70215
-5.76453
-5.77425
-4.0377
-2.92322
-3.37078
-0.451469
-1.59062
-2.28863
-0.832977
-0.50613
-0.758406
-1.37441
-2.36794
-1.21676
-1.15944
-1.44999
-0.18911
0.788705
-0.547709
1.03752
0.541881
0.161942
-0.973373
-0.964813
-2.19097
-1.23392
-2.08763
-1.9472
-0.946866
-2.6383
-3.32596
-1.20238
-2.77276
-3.27785
-1.1555
-3.74129
-2.50151
-3.31044
-1.33412
-1.38683
-1.94457
-1.9592
-2.88353
-3.06049
-3.65959
-4.88448
-3.78156
-3.21006
-6.0348
-5.02551
-6.72678
-5.95292
-4.69933
-4.59151
-4.18674
-5.03248
-3.63446
-3.78202
-4.42437
-3.82746
-2.82329
-3.12191
-1.94018
-1.71382
-1.57259
-2.94409
-2.55799
-2.30506
-2.45538
-1.43994
-2.5631
-1.88835
-1.85568
-2.18983
-2.71786
-1.82783
-2.1751
-2.11506
-1.27786
-1.35691
-2.35284
-1.09113
-0.981021
-0.183551
-0.113971
-1.35363
-0.960782
-0.793407
-1.47704
-0.591833
0.0427674
0.344663
0.732638
-0.0558824
-0.434649
-0.588227
-0.390016
-0.209095
0.587454
0.98675
0.353573
0.753755
1.86027
1.7681
1.48385
0.788204
1.67866
-0.169009
1.84276
0.985531
1.14974
1.6609
0.996755
0.294764
1.64462
0.867927
-0.0173306
0.908747
0.255486
0.53477
-0.157358
-0.728549
-0.537132
0.521817
-0.36252
-1.34707
-0.0484197
-1.47175
-0.103141
1.06399
-0.188434
-0.225724
-0.553566
-0.350214
-0.582196
-1.44985
-2.18777
-1.48546
-1.30757
-1.93342
-2.34483
-1.43025
-1.66743
-1.80611
-1.79686
-2.69493
-1.7047
-2.08879
-3.42751
-2.18241
-3.02388
-2.84699
-1.86757
-2.93885
-3.28235
-1.25509
-1.18333
-1.40939
-1.95767
-1.69573
-1.16903
-0.179284
-1.18584
-2.02534
-2.74114
-1.36228
-0.451666
-2.12782
-0.983189
-1.70717
-1.17269
-1.24452
-1.36172
-1.28496
-1.13416
-0.91513
-1.09403
-1.03114
-0.839475
-2.16317
-3.11999
-3.47398
-1.74445
-1.88418
-1.58066
-3.27469
-1.28081
-1.61204
-1.36523
-1.44124
-1.50725
-0.703523
-1.37372
-1.46981
-1.08094
-1.0063
-1.4668
-1.49041
-2.06966
-1.92724
-1.64451
-0.720526
-0.481411
-0.700714
0.867315
-0.0108655
-0.211501
0.797824
0.460589
-0.269132
0.243664
1.96843
1.27535
-0.534852
0.541702
0.205963
0.149977
-0.218799
-0.320693
0.101302
-1.24149
0.257579
-0.418062
-1.23407
-0.269809
-0.711638
-1.83284
-0.614699
-0.548148
-0.465762
-1.15596
-1.85883
-0.952159
-0.490628
-1.09746
-1.265
0.551992
-0.0904483
0.545632
-0.837607
-0.528712
-1.00816
-0.457308
-0.747909
-0.748738
-0.627864
-1.04433
-0.3659
-0.990871
-0.00414871
0.245185
-0.066668
-0.969509
-0.709909
-1.72554
-1.47504
-1.80812
-1.27592
-1.49878
-1.97215
-1.18007
-1.50661
-0.70615
-0.408069
-0.847819
-0.357638
-1.09475
-0.65076
0.09442
1.07382
0.268244
0.288182
0.173189
0.969104
-0.225886
1.23425
1.17933
0.649611
-0.151421
-0.330551
0.205369
-0.987815
-0.829454
-1.31659
-1.30539
-1.49545
-1.55709
-1.42989
-1.22627
-1.76065
-1.74954
-1.43896
-1.95143
-1.50746
-1.82053
-1.98063
-0.868885
-1.18179
-1.26164
-0.562774
-0.182795
-0.840724
-1.06204
-1.0199
-0.887628
-0.849237
-0.056348
-0.874039
-1.14257
-0.543382
-0.755306
-0.660934
-0.414868
-0.0193635
-0.724392
-0.750999
-0.421336
-0.069
0.0167277
-0.251897
0.35356
-0.679858
-0.574506
-1.07849
-0.744018
-0.187591
-0.281285
-0.608057
-0.91125
-1.15358
-0.123006
-0.930594
-1.06466
-1.6104
-1.30736
-1.4496
-1.45008
-1.81418
-1.80862
-2.40711
-1.62345
-1.54906
-1.47286
-0.945146
-1.33482
-1.15218
-1.23362
-1.88729
-1.80281
-1.42074
-1.84981
-2.01694
-1.79498
-1.95512
-1.4843
-1.69282
-1.63205
-1.8704
-1.86493
-1.54195
-1.53957
-1.02926
-1.20383
-1.57313
-0.8548
-0.995379
-1.06029
-0.343541
