0
3.03135
-0.0832728
5.03427
8.27379
9.65653
9.32968
4.27006
13.7093
14.1111
11.2989
10.9355
7.56457
8.59161
7.08447
5.44461
9.26796
7.89774
7.81301
6.87468
7.80557
7.75523
10.2456
6.98387
6.96316
9.62452
8.57604
12.8105
14.2681
13.7544
12.2004
8.80712
10.7224
9.27256
8.62642
6.13454
7.7071
6.4644
6.66886
6.27725
8.75044
9.11079
9.20087
9.79965
13.439
14.4271
13.7297
13.6159
13.6162
14.5655
13.0157
13.5811
13.4693
14.0366
13.9303
14.7815
14.0922
16.7668
13.2365
13.4678
15.0343
13.979
12.2457
12.2734
13.3601
13.8192
13.8577
13.4328
14.7035
12.882
14.0376
14.0657
13.3282
13.3367
13.3056
13.7969
13.3123
12.8259
12.7147
11.9558
10.382
10.7113
12.3718
12.1476
12.0638
11.7382
13.7025
12.4253
13.4008
13.0539
13.1507
11.8825
12.0318
11.9805
10.9582
11.0172
9.62627
8.93095
8.83192
7.45956
7.86015
7.914
8.66222
8.23515
6.6159
6.22868
5.87753
5.36334
6.06771
7.30184
7.66667
7.55047
7.37393
7.30378
6.70722
6.78088
6.61026
8.05471
7.14505
8.36407
8.52842
8.19159
7.91263
7.65833
7.92195
7.48557
8.50906
8.39965
7.4205
7.11139
7.22849
7.57797
7.12457
6.43114
6.08739
5.052
3.97998
3.6669
2.05812
1.82023
2.04868
1.43879
0.971314
0.86303
1.11546
1.73593
1.47347
1.31373
1.37845
0.783284
-0.000781242
0.272134
-0.380184
-0.459763
-0.310485
0.329171
0.644741
1.41272
1.32044
1.69943
1.81891
1.38079
2.00356
2.65712
1.92701
2.34357
2.80335
1.97678
2.85059
2.67062
2.98328
2.15569
1.76817
1.85202
1.90132
2.38607
2.71651
3.1802
4.02162
3.89361
3.54508
4.77708
4.89105
5.79477
5.86161
5.27095
4.9218
4.54585
4.77913
4.19944
3.98295
4.19447
4.00288
3.407
3.25805
2.59553
2.15124
1.85864
2.39543
2.47154
2.38378
2.41467
1.92442
2.23859
2.05992
1.95415
2.06766
2.38747
2.10411
2.13532
2.12105
1.69694
1.5243
1.93398
1.51059
1.2439
0.713436
0.413537
0.88098
0.919027
0.854716
1.163
0.876262
0.416847
0.0367662
-0.346534
-0.145434
0.143782
0.364886
0.376725
0.292531
-0.146369
-0.564727
-0.458498
-0.604759
-1.22908
-1.49536
-1.48684
-1.13612
-1.40429
-0.617993
-1.22705
-1.10452
-1.12509
-1.39
-1.19156
-0.742625
-1.19068
-1.02772
-0.505225
-0.705347
-0.479962
-0.506389
-0.174813
0.275535
0.405375
-0.0572802
0.151968
0.747056
0.397658
0.932002
0.517385
-0.271349
-0.0418035
0.0915572
0.321597
0.335307
0.457738
0.951277
1.56572
1.52298
1.41301
1.66991
2.00336
1.71445
1.68825
1.74419
1.76762
2.22687
1.96299
2.02252
2.71939
2.44731
2.73073
2.78421
2.32289
2.62619
2.94898
2.09999
1.63979
1.52232
1.73688
1.7137
1.43948
0.809091
0.995603
1.50722
2.11982
1.7389
1.09466
1.60818
1.29421
1.49822
1.33373
1.28731
1.32251
1.30182
1.21635
1.06447
1.07773
1.05299
0.94508
1.55102
2.33105
2.89766
2.31865
2.09887
1.83765
2.55166
1.91444
1.76099
1.5612
1.49925
1.50117
1.10138
1.23568
1.35074
1.21437
1.10895
1.2859
1.3861
1.72502
1.82347
1.73176
1.22516
0.852651
0.775734
-0.0445964
-0.0168816
0.0970252
-0.349326
-0.404349
-0.0679685
-0.155497
-1.05934
-1.16568
-0.316124
-0.428206
-0.316826
-0.233223
-0.00749548
0.156181
0.0275723
0.632918
0.188011
0.302514
0.766722
0.517948
0.613902
1.22104
0.917098
0.731962
0.598277
0.875678
1.36493
1.15736
0.823388
0.959051
1.11045
0.279928
0.185078
-0.179602
0.327968
0.427689
0.716704
0.586451
0.666272
0.706614
0.666473
0.854134
0.609584
0.799031
0.401585
0.0784994
0.0725045
0.519836
0.614011
1.16771
1.31966
1.56177
1.41737
1.45635
1.71194
1.44463
1.47389
1.08921
0.748161
0.797022
0.576922
0.834576
0.741917
0.323857
-0.373726
-0.32068
-0.304099
-0.238446
-0.602664
-0.188651
-0.71007
-0.943394
-0.795777
-0.322354
0.00372623
-0.100593
0.44251
0.63506
0.974384
1.13845
1.31532
1.43449
1.43065
1.32715
1.542
1.64392
1.53993
1.74363
1.62398
1.72036
1.84846
1.35777
1.26855
1.2638
0.912699
0.547561
0.693272
0.876548
0.947171
0.916487
0.881996
0.46912
0.670689
0.905447
0.723874
0.738829
0.699221
0.556625
0.287981
0.505461
0.627478
0.523989
0.296426
0.139868
0.195631
-0.0786111
0.299942
0.436652
0.756486
0.74952
0.468378
0.374552
0.490706
0.700076
0.92569
0.524233
0.726497
0.894542
1.25089
1.27787
1.36233
1.40479
1.6077
1.7064
2.05438
1.83731
1.69169
1.58084
1.26209
1.2972
1.22361
1.22743
1.55556
1.67747
1.54774
1.697
1.85506
1.82331
1.88736
1.6844
1.687
1.658
1.76243
1.81196
1.67551
1.60611
1.31672
1.25919
1.4147
1.13397
1.06377
1.06107

-12.1683
-12.1886
-12.2086
-12.2286
-12.1638
-12.0995
-12.0358
-11.9725
-11.9096
-11.8473
-12.0248
-12.201
-12.3758
-12.5493
-12.7215
-12.8924
