39.8056,0
45.1716,3.66804
42.9836,0.54696
40.7105,-2.47199
38.3548,-5.37787
35.9201,-8.16282
33.4118,-10.8219
30.8364,-13.3529
28.2021,-15.7555
24.1758,-18.5401
20.5016,-20.8614
17.1618,-22.8202
14.1325,-24.4916
11.3869,-25.9321
8.89808,-27.185
6.63973,-28.2838
7.20636,-25.6036
7.67818,-23.2703
8.07708,-21.2272
8.41873,-19.4276
8.71462,-17.8335
8.97333,-16.4136
9.20147,-15.1423
9.40413,-13.9986
7.78622,-13.987
6.12798,-13.9753
4.43076,-13.9633
2.69624,-13.9511
0.926464,-13.9387
-0.876174,-13.9261
-2.70894,-13.9133
-4.56875,-13.9003
-3.89469,-17.3887
-3.32441,-20.2365
-2.83574,-22.5945
-2.4124,-24.5728
-2.04214,-26.2524
-1.7156,-27.694
-1.42547,-28.9433
-1.16601,-30.0354
-0.210413,-29.0937
0.694794,-28.1855
1.55307,-27.3096
2.36763,-26.4647
3.1414,-25.6495
3.87713,-24.8627
4.57732,-24.1032
5.2443,-23.3699
5.0555,-22.9236
4.87287,-22.4893
4.69612,-22.0666
4.52497,-21.6551
4.35917,-21.2544
4.19846,-20.8641
4.04263,-20.4838
3.62299,-20.6016
3.20857,-20.7177
2.7993,-20.8321
2.39513,-20.9447
1.99602,-21.0558
1.60189,-21.1652
1.2127,-21.2731
0.82838,-21.3794
1.93564,-21.9659
3.04408,-22.5489
4.15288,-23.1283
5.26119,-23.7042
6.3682,-24.2764
7.47308,-24.8448
8.57502,-25.4094
9.67321,-25.9701
10.5959,-24.7727
11.4875,-23.5862
12.3492,-22.4113
13.1821,-21.249
13.9873,-20.1
14.7658,-18.9648
15.5187,-17.8443
16.2469,-16.7388
15.4421,-17.0994
14.6397,-17.4547
13.8401,-17.8049
13.0435,-18.1499
12.2504,-18.49
11.4609,-18.8252
10.6754,-19.1555
9.89399,-19.4811
9.59935,-19.3279
9.31171,-19.1784
9.03086,-19.0324
8.75656,-18.8898
8.4886,-18.7505
8.22678,-18.6143
7.97089,-18.4811
7.87274,-18.7275
7.77389,-18.9748
7.67433,-19.223
7.57405,-19.4721
7.47305,-19.7222
7.37133,-19.9731
7.26886,-20.225
7.16565,-20.4777
7.08205,-21.2603
6.99746,-22.0435
6.91186,-22.827
6.82524,-23.6105
6.73758,-24.3937
6.64885,-25.1764
6.98388,-25.1031
7.3233,-25.0287
7.66716,-24.953
8.01553,-24.8762
8.36848,-24.7981
8.72606,-24.7188
9.08835,-24.6381
9.45539,-24.5561
9.39386,-24.8213
9.33244,-25.0847
9.27113,-25.3465
9.20995,-25.6065
9.14888,-25.8648
9.08792,-26.1214
9.02709,-26.3763
8.96637,-26.6295
9.26925,-26.7008
9.5716,-26.7721
9.87343,-26.8432
10.1747,-26.9142
10.4754,-26.9852
10.7755,-27.0561
11.0751,-27.1268
11.374,-27.1975
11.344,-27.3518
11.314,-27.5056
11.284,-27.6591
11.2539,-27.8121
11.2239,-27.9648
11.1938,-28.1171
11.1637,-28.2691
11.1337,-28.4206
11.1837,-28.0301
11.2337,-27.6365
11.2838,-27.2395
11.3339,-26.8393
11.3841,-26.4358
11.4343,-26.029
11.4845,-25.6189
12.9512,-26.4196
14.4082,-27.2133
15.8537,-27.9998
17.2861,-28.779
18.7038,-29.5507
20.1053,-30.3146
21.4892,-31.0707
22.8543,-31.8188
23.1726,-31.5245
23.4908,-31.2271
23.8088,-30.9266
24.1265,-30.6228
24.4441,-30.3159
24.7614,-30.0056
25.0785,-29.6921
24.515,-29.3435
23.96,-29.001
23.4136,-28.6644
22.8755,-28.3336
22.3457,-28.0084
21.8241,-27.6888
21.3106,-27.3745
20.805,-27.0655
20.7969,-26.6481
20.7889,-26.2312
20.781,-25.815
20.7732,-25.3994
20.7654,-24.9846
20.7576,-24.5706
20.75,-24.1573
20.7424,-23.7449
20.981,-22.6443
21.2135,-21.5506
21.4403,-20.4646
21.6616,-19.3869
21.8774,-18.3183
22.088,-17.2593
22.2937,-16.2106
22.4945,-15.1726
22.5398,-14.8672
22.5842,-14.5677
22.6275,-14.2739
22.6699,-13.9856
22.7114,-13.7028
22.752,-13.4251
22.7917,-13.1527
22.487,-13.4557
22.1769,-13.762
21.8612,-14.0716
21.5398,-14.3846
21.2126,-14.7009
20.8794,-15.0206
20.5401,-15.3438
20.1945,-15.6704
20.6148,-15.0387
21.0337,-14.4019
21.4511,-13.7601
21.867,-13.1134
22.2813,-12.462
22.694,-11.806
23.1051,-11.1455
23.5145,-10.4805
23.4757,-10.7179
23.4366,-10.9564
23.3972,-11.1961
23.3576,-11.4368
23.3176,-11.6787
23.2774,-11.9217
23.2369,-12.1658
23.1962,-12.4111
23.7034,-12.395
24.2067,-12.3788
24.7059,-12.3627
25.2012,-12.3466
25.6923,-12.3304
26.1794,-12.3143
26.6623,-12.2982
27.1412,-12.282
27.1088,-11.8109
27.0773,-11.3518
27.0467,-10.9044
27.0169,-10.4682
26.9879,-10.0429
26.9597,-9.62819
26.9323,-9.22364
27.2737,-9.18467
27.6101,-9.14603
27.9417,-9.10771
28.2684,-9.0697
28.5904,-9.03201
28.9078,-8.99462
29.2206,-8.95754
29.529,-8.92077
29.6437,-7.88613
29.7543,-6.88175
29.861,-5.9069
29.9639,-4.96084
30.0633,-4.04281
30.1594,-3.15202
30.2522,-2.28771
30.342,-1.44907
30.4879,-1.21499
30.6317,-0.983294
30.7737,-0.753949
30.9138,-0.526928
31.0521,-0.302204
31.1886,-0.0797467
31.3233,0.14047
31.4563,0.358473
31.0254,-0.292836
30.5992,-0.931078
30.1777,-1.55649
29.761,-2.16931
29.3489,-2.76977
28.9415,-3.35813
28.5387,-3.93461
28.1405,-4.49948
27.9884,-4.87698
27.8365,-5.2525
27.6848,-5.626
27.5334,-5.99747
27.3821,-6.3669
27.2311,-6.73428
27.0802,-7.09958
26.5292,-6.46893
25.9956,-5.86249
25.4787,-5.27902
24.9778,-4.71735
24.4923,-4.17639
24.0214,-3.65509
23.5648,-3.1525
23.1216,-2.66769
23.2126,-2.50383
23.3039,-2.33905
23.3955,-2.17335
23.4876,-2.00673
23.58,-1.83919
23.6727,-1.6707
23.7659,-1.50128
23.8594,-1.33092
23.9532,-1.15961
24.3566,-1.23307
24.7613,-1.30723
25.1672,-1.38211
25.5743,-1.45772
25.9827,-1.53406
26.3922,-1.61114
26.8028,-1.68898
27.2146,-1.76759
27.0832,-2.22253
26.9534,-2.67044
26.8252,-3.11142
26.6987,-3.54558
26.5737,-3.97302
26.4502,-4.39387
26.3283,-4.80822
26.2078,-5.21618
25.8029,-4.73554
25.4003,-4.26037
25.0003,-3.79064
24.6026,-3.32631
24.2074,-2.86735
23.8148,-2.41373
23.4246,-1.96542
23.4183,-1.55802
23.4121,-1.16029
23.4061,-0.77194
23.4002,-0.392668
23.3945,-0.022193
23.3889,0.339758
23.3834,0.693447
23.378,1.03913
23.3821,0.886889
23.3862,0.735446
23.3902,0.584796
23.3943,0.434935
23.3983,0.285857
23.4023,0.13756
23.4062,-0.00996153
23.4102,-0.156711
23.1822,0.385343
22.9561,0.920949
22.7319,1.45013
22.5096,1.97291
22.2891,2.48932
22.0706,2.99939
21.8538,3.50316
21.6389,4.00067
21.4257,4.49197
21.3283,4.54706
21.2307,4.60215
21.1329,4.65724
21.0351,4.71231
20.9371,4.76739
20.839,4.82245
20.7407,4.87751
20.6423,4.93257
20.3296,5.13588
20.018,5.33748
19.7077,5.53739
19.3985,5.73562
19.0906,5.93219
18.7839,6.12711
18.4784,6.3204
18.1742,6.51208
18.2344,6.65576
18.2935,6.79672
18.3514,6.93502
18.4083,7.07075
18.4641,7.20397
18.5189,7.33475
18.5727,7.46315
18.8606,7.61373
19.1458,7.76331
19.4283,7.91189
19.7082,8.05947
19.9855,8.20608
20.2601,8.35172
20.5322,8.49638
20.8017,8.6401
20.5911,8.20537
20.3815,7.77282
20.1727,7.34246
19.9649,6.91433
19.758,6.48846
19.5521,6.06488
19.3471,5.64361
19.143,5.22469
19.1062,5.18923
19.0695,5.15383
19.0329,5.11847
18.9963,5.08317
18.9598,5.04793
18.9232,5.01273
18.8868,4.97759
18.8503,4.94249
18.6333,4.99823
18.415,5.05414
18.1954,5.11021
17.9746,5.16645
17.7526,5.22285
17.5293,5.27943
17.3047,5.33617
17.0789,5.39308
17.0038,5.2182
16.9291,5.04446
16.8549,4.87184
16.7811,4.70035
16.7078,4.52997
16.635,4.3607
16.5626,4.19253
16.4907,4.02544
16.5178,4.19589
16.5449,4.36625
16.572,4.53652
16.5991,4.70671
16.6261,4.8768
16.6532,5.0468
16.6803,5.2167
16.7073,5.3865
16.5931,5.31649
16.4803,5.24738
16.3689,5.17917
16.2587,5.11183
16.1499,5.04534
16.0424,4.9797
15.9361,4.91489
15.831,4.85088
15.7272,4.78767
15.6841,4.89739
15.6414,5.00617
15.599,5.11401
15.5569,5.22092
15.5151,5.32692
15.4737,5.43202
15.4326,5.53623
15.1894,5.91988
14.9477,6.2999
14.7073,6.67634
14.4683,7.0492
14.2308,7.4185
13.9946,7.78426
14.0767,7.73465
14.1577,7.68563
14.2377,7.63721
14.3167,7.58937
14.3946,7.5421
14.4716,7.4954
14.2415,7.62879
14.0115,7.76177
13.7815,7.89435
13.5517,8.02652
13.322,8.15828
13.0924,8.28963
13.3574,8.41078
13.6231,8.53247
13.8895,8.6547
14.1567,8.77746
14.4246,8.90077
14.6932,9.02463
14.8346,8.91953
14.9747,8.81525
15.1134,8.71176
15.2508,8.60906
15.3869,8.50715
15.5218,8.40601
15.3512,8.31624
15.1821,8.22733
15.0143,8.13926
14.848,8.05202
14.683,7.96561
14.5194,7.88
14.609,7.91155
14.6977,7.9428
14.7856,7.97377
14.8725,8.00444
14.9586,8.03484
15.0439,8.06496
15.1544,8.01547
15.2633,7.96665
15.3706,7.91848
15.4763,7.87096
15.5806,7.82406
15.6833,7.77778
15.7845,7.7321
15.7746,7.88601
15.7647,8.03977
15.7548,8.19337
15.7449,8.34683
15.735,8.50013
15.7251,8.65327
15.7152,8.80626
15.7053,8.95908
15.6386,8.91667
15.5721,8.87435
15.5057,8.83212
15.4393,8.78998
15.3731,8.74793
15.307,8.70598
15.2411,8.66411
15.1752,8.62233
15.1885,8.56896
15.2016,8.51624
15.2145,8.46417
15.2273,8.41273
15.2399,8.36191
15.2523,8.3117
15.2646,8.26209
15.2768,8.21307
15.3233,8.14178
15.3696,8.07092
15.4155,8.00048
15.4612,7.93046
