39.8056
45.1716
42.9836
40.7105
38.3548
35.9201
33.4118
30.8364
28.2021
24.1758
20.5016
17.1618
14.1325
11.3869
8.89808
6.63973
7.20636
7.67818
8.07708
8.41873
8.71462
8.97333
9.20147
9.40413
7.78622
6.12798
4.43076
2.69624
0.926464
-0.876174
-2.70894
-4.56875
-3.89469
-3.32441
-2.83574
-2.4124
-2.04214
-1.7156
-1.42547
-1.16601
-0.210413
0.694794
1.55307
2.36763
3.1414
3.87713
4.57732
5.2443
5.0555
4.87287
4.69612
4.52497
4.35917
4.19846
4.04263
3.62299
3.20857
2.7993
2.39513
1.99602
1.60189
1.2127
0.82838
1.93564
3.04408
4.15288
5.26119
6.3682
7.47308
8.57502
9.67321
10.5959
11.4875
12.3492
13.1821
13.9873
14.7658
15.5187
16.2469
15.4421
14.6397
13.8401
13.0435
12.2504
11.4609
10.6754
9.89399
9.59935
9.31171
9.03086
8.75656
8.4886
8.22678
7.97089
7.87274
7.77389
7.67433
7.57405
7.47305
7.37133
7.26886
7.16565
7.08205
6.99746
6.91186
6.82524
6.73758
6.64885
6.98388
7.3233
7.66716
8.01553
8.36848
8.72606
9.08835
9.45539
9.39386
9.33244
9.27113
9.20995
9.14888
9.08792
9.02709
8.96637
9.26925
9.5716
9.87343
10.1747
10.4754
10.7755
11.0751
11.374
11.344
11.314
11.284
11.2539
11.2239
11.1938
11.1637
11.1337
11.1837
11.2337
11.2838
11.3339
11.3841
11.4343
11.4845
12.9512
14.4082
15.8537
17.2861
18.7038
20.1053
21.4892
22.8543
23.1726
23.4908
23.8088
24.1265
24.4441
24.7614
25.0785
24.515
23.96
23.4136
22.8755
22.3457
21.8241
21.3106
20.805
20.7969
20.7889
20.781
20.7732
20.7654
20.7576
20.75
20.7424
20.981
21.2135
21.4403
21.6616
21.8774
22.088
22.2937
22.4945
22.5398
22.5842
22.6275
22.6699
22.7114
22.752
22.7917
22.487
22.1769
21.8612
21.5398
21.2126
20.8794
20.5401
20.1945
20.6148
21.0337
21.4511
21.867
22.2813
22.694
23.1051
23.5145
23.4757
23.4366
23.3972
23.3576
23.3176
23.2774
23.2369
23.1962
23.7034
24.2067
24.7059
25.2012
25.6923
26.1794
26.6623
27.1412
27.1088
27.0773
27.0467
27.0169
26.9879
26.9597
26.9323
27.2737
27.6101
27.9417
28.2684
28.5904
28.9078
29.2206
29.529
29.6437
29.7543
29.861
29.9639
30.0633
30.1594
30.2522
30.342
30.4879
30.6317
30.7737
30.9138
31.0521
31.1886
31.3233
31.4563
31.0254
30.5992
30.1777
29.761
29.3489
28.9415
28.5387
28.1405
27.9884
27.8365
27.6848
27.5334
27.3821
27.2311
27.0802
26.5292
25.9956
25.4787
24.9778
24.4923
24.0214
23.5648
23.1216
23.2126
23.3039
23.3955
23.4876
23.58
23.6727
23.7659
23.8594
23.9532
24.3566
24.7613
25.1672
25.5743
25.9827
26.3922
26.8028
27.2146
27.0832
26.9534
26.8252
26.6987
26.5737
26.4502
26.3283
26.2078
25.8029
25.4003
25.0003
24.6026
24.2074
23.8148
23.4246
23.4183
23.4121
23.4061
23.4002
23.3945
23.3889
23.3834
23.378
23.3821
23.3862
23.3902
23.3943
23.3983
23.4023
23.4062
23.4102
23.1822
22.9561
22.7319
22.5096
22.2891
22.0706
21.8538
21.6389
21.4257
21.3283
21.2307
21.1329
21.0351
20.9371
20.839
20.7407
20.6423
20.3296
20.018
19.7077
19.3985
19.0906
18.7839
18.4784
18.1742
18.2344
18.2935
18.3514
18.4083
18.4641
18.5189
18.5727
18.8606
19.1458
19.4283
19.7082
19.9855
20.2601
20.5322
20.8017
20.5911
20.3815
20.1727
19.9649
19.758
19.5521
19.3471
19.143
19.1062
19.0695
19.0329
18.9963
18.9598
18.9232
18.8868
18.8503
18.6333
18.415
18.1954
17.9746
17.7526
17.5293
17.3047
17.0789
17.0038
16.9291
16.8549
16.7811
16.7078
16.635
16.5626
16.4907
16.5178
16.5449
16.572
16.5991
16.6261
16.6532
16.6803
16.7073
16.5931
16.4803
16.3689
16.2587
16.1499
16.0424
15.9361
15.831
15.7272
15.6841
15.6414
15.599
15.5569
15.5151
15.4737
15.4326
15.1894
14.9477
14.7073
14.4683
14.2308
13.9946
14.0767
14.1577
14.2377
14.3167
14.3946
14.4716
14.2415
14.0115
13.7815
13.5517
13.322
13.0924
13.3574
13.6231
13.8895
14.1567
14.4246
14.6932
14.8346
14.9747
15.1134
15.2508
15.3869
15.5218
15.3512
15.1821
15.0143
14.848
14.683
14.5194
14.609
14.6977
14.7856
14.8725
14.9586
15.0439
15.1544
15.2633
15.3706
15.4763
15.5806
15.6833
15.7845
15.7746
15.7647
15.7548
15.7449
15.735
15.7251
15.7152
15.7053
15.6386
15.5721
15.5057
15.4393
15.3731
15.307
15.2411
15.1752
15.1885
15.2016
15.2145
15.2273
15.2399
15.2523
15.2646
15.2768
15.3233
15.3696
15.4155
15.4612
